342;342
181;181
195;195
73;73
240;240
171;171
380;380
465;465
55;55
211;211
241;241
47;47
70;70
284;284
366;366
152;152
412;412
325;325
81;81
273;273
235;235
155;155
263;263
471;471
452;452
267;267
10;10
462;462
96;96
454;454
143;143
73;73
328;328
50;50
289;289
132;132
8;8
162;162
34;34
84;84
368;368
183;183
431;431
164;164
357;357
395;395
133;133
279;279
9;9
170;170
335;335
200;200
23;23
36;36
6;6
155;155
221;221
333;333
302;302
218;218
277;277
135;135
386;386
26;26
183;183
477;477
470;470
277;277
51;51
393;393
57;57
435;435
236;236
9;9
195;195
244;244
95;95
154;154
106;106
175;175
36;36
316;316
195;195
415;415
352;352
349;349
262;262
369;369
165;165
290;290
193;193
59;59
20;20
20;20
465;465
495;495
59;59
6;6
217;217
352;352
