11
3
7 1 -3
1 -3 5 1 0 7 1
8 5 6 6 2 1 4
4
7 1 -3
1 -3 5 1 0 7 1
8 5 6 6 2 1 4
0 1 3 5
3
5 2 7 4 8 10 9 20 6 3 6 4 0 0
5 8 20
20 6 4 3 5 48 8
4
8 3 4 6 1 0 2 -1 10 9 9 3 10 6
13 6 2 9 10 6 12 4 9 7 2 6 10 11 8
13 7 5 3 6 13 3 14 0 8
3 9 10 6 9
3
4 8 17 19 16 0 3 2 11 19
19 3 18 5 17 8 2 16 6 0 6 4 11 19 3
12 6 16 10 16 15 9 4 6 11 8 5 17 4 0 0 1 7 5 9 9 1 6 6 4 12 11 0 0 9
3
3 19 11 10 12 9 7 2 9 17 2 6 1 10 14 16 16 14 8 13 5
17 10 15 0 5 1 8 8 0 1 2 14 20 13 14 10 13 7 2 4 18 8 7 19 17 10 3 6 2 11 14 5 0 17 11 13 12
16 19 3 14 14 2 8 13 10 6
3
7 11 2 13 3 4 10 18 19 9
7 1 0 20 11 10 0 3 16 9 19 5 7 16 13 2 8 20 7 4 14 4 5 7 19 1 5 0 1 16 18 0 7 11 0 0 1 20 12 19 1 2 15 18 11 16 11 9 3 9 7 6 20 2 12 4 10 13 11 5 3 13 9 16 14 17 1 8 3 17 11 14 10 9 19 3 4 14 3 14
0 4 16 9 2 13 14 11 11 10 7 3 18 19 4 18 13
3
0 8 8 0 11 1 15 7 14 11 16 3 8 4 2 0 25 3 20 19 3 5 4 1 3 2 9 19 6 16 18 4 3 15 8 15 13 9 14 0 7 10 6 13 12
7 19 4 10 15 17 17 20 17 6
7 8 7 17 17 12 20 12 10 18 16 19 1 6 4 12 5 0 17 20 6 16 18 8 8 15 1 17 5
2
6 20 18 12 4 13 14 12 12 3
0 10 12 11 1 18 16 10 2 1 7 15 3 2 10 5 4 16 4 13 5 12 3 11 6 5 10 1 7 17 7 6 8 14 2 7 9 6 1 8 9 1 13 19 2
2
12 18 4 10 15 17 17 15 14 11
12 3 18 7 18 9 13 11 4 5 17 16 10 5 7 12 15 17 9 0 17 14 13 19 17 10 5 14 15 19 11 17 14 6 18 18 11 5 16 2 5 2 15 5 2
2
6 14 10 4 9 3 3 19 7 13 13 5 17 8 10 7 4 2 17 19 12 4 15 8 3 5 12 18 4
9 3 7 13 17 10 4 17 12 15

#Answer
#01: p = 2, q = 1
#02: p = 1, q = 1
#03: p = 5, q = 3
#04: p = 1, q = 5
#05: p = 2, q = 9
#06: p = 3, q = 2
#07: p = 7, q = 5
#08: p = 4, q = 0
#09: Reach Analysis failed
#10: p = 4, q = 0
#11: p = 2, q = 4
