#    x y q a b r
l20: 1 1 0 1 1 1

l20: 4 2 0 1 2 4
l20: 4 2 0 2 4 4


l20: 256 3 0 1 3 256
l20: 256 3 0 2 6 256
l20: 256 3 0 4 12 256
l20: 256 3 0 8 24 256
l20: 256 3 0 16 48 256
l20: 256 3 0 32 96 256
l20: 256 3 0 64 192 256
l20: 256 3 64 1 3 64
l20: 256 3 64 2 6 64
l20: 256 3 64 4 12 64
l20: 256 3 64 8 24 64
l20: 256 3 64 16 48 64
l20: 256 3 80 1 3 16
l20: 256 3 80 2 6 16
l20: 256 3 80 4 12 16
l20: 256 3 84 1 3 4


l20: 256 1 0 1 1 256
l20: 256 1 0 2 2 256
l20: 256 1 0 4 4 256
l20: 256 1 0 8 8 256
l20: 256 1 0 16 16 256
l20: 256 1 0 32 32 256
l20: 256 1 0 64 64 256
l20: 256 1 0 128 128 256
l20: 256 1 0 256 256 256

l20: 512 1 0 1 1 512
l20: 512 1 0 2 2 512
l20: 512 1 0 4 4 512
l20: 512 1 0 8 8 512
l20: 512 1 0 16 16 512
l20: 512 1 0 32 32 512
l20: 512 1 0 64 64 512
l20: 512 1 0 128 128 512
l20: 512 1 0 256 256 512
l20: 512 1 0 512 512 512

l20: 23 7 0 1 7 23
l20: 23 7 0 2 14 23
l20: 23 7 2 1 7 9
